0.051514506900884
0.0633606184991497
0.0696159593497486
0.0774347968092396
0.0931808973246633
0.171805476368101
0.220575554468762
0.228385088626677
0.236110950344023
0.276232864852092
0.277771517289414
0.290025765398259
0.324836048739987
0.332102629021414
0.349189496142435
0.368130066768883
0.453377501233314
0.490730130137322
0.50195873291347
0.548388107223235
0.558743534986714
0.592252208074234
0.627121884874526
0.645314749747395
0.761719436500802
0.794685805632857
0.830092123252839
0.832539124904646
0.858794673571033
0.89878577921275
0.967284376079478
0.967691778231431
0.971677174096275
0.975902457934639
0.983332516184806
1.03983725324011
1.04551929350495
1.08196570481255
1.09397133633725
1.10199238391293
1.11042670085642
1.13627328293013
1.16237534726119
1.19413812228642
1.21307795092828
1.23877972660908
1.25100192869111
1.26053009016999
1.26559837221657
1.28920523123567
1.35507730633296
1.38747907413308
1.41635071365797
1.45093240261016
1.48831897733861
1.49687737369271
1.62118669364446
1.64772889629015
1.64780689926853
1.66047966653733
1.66298952245286
1.68834732159645
1.71407538088029
1.75133097468336
1.75551696651789
1.81527812440371
1.82110598233885
1.82484147275767
1.84030874782649
1.84617950760771
1.92049155723743
1.92525432351862
1.93145417415216
1.95774089725258
2.02004258547188
2.1074503955993
2.11724055305971
2.11901159016112
2.14512143751706
2.15728168407796
2.16418149382921
2.1680957707992
2.18701450643564
2.21135174532268
2.2136106631576
2.22078659112219
2.26613973438994
2.26804156743735
2.27082668767224
2.27440993001644
2.2920735047134
2.29382121038906
2.30689184219245
2.36594253034829
2.36876628271451
2.42206581985786
2.44315682988815
2.46124347031726
2.50596358643824
2.53262657953857
2.53770688156709
2.54167682798578
2.58073835164641
2.6735139037375
2.70329750694096
2.72709908120871
2.73963835058785
2.76849176438727
2.79909744330936
2.80085304136644
2.80522756158898
2.81350262101371
2.87674734179297
2.87732801427063
2.88001456424643
2.8893452106834
2.8899313919332
2.89171782911202
2.93771091344783
2.97234493069286
2.97594672057363
2.9844400605071
2.99721254992161
3.00596017079825
3.0095075339065
3.05639584837099
3.09041011164937
3.14789986054924
3.20170565241192
3.23480969552223
3.28638832627906
3.28878457644067
3.29556674213527
3.36422925289795
3.39723112024177
3.43862044367975
3.44157940542209
3.45643534026994
3.45909858587985
3.46910679687382
3.47128530225956
3.48404984148167
3.57049421340114
3.59103430571901
3.62981276410544
3.68749588215749
3.71851295871919
3.74716912776253
3.75268979148222
3.75838825167747
3.77288583100255
3.77307212435121
3.78152340473147
3.82862608073665
3.85750146308376
3.8784437128879
3.92132612677963
4.00097510713274
4.02721887629727
4.04562032109975
4.06131828389854
4.06276786095631
4.07879388722596
4.08035558645592
4.089401593388
4.09203534847795
4.11887807724037
4.12280311025429
4.12577535421225
4.23329965833289
4.24080445834455
4.27541986890075
4.3391929395669
4.34348539669562
4.38625282689932
4.39670950481025
4.42632746256878
4.48862475431132
4.54559086257932
4.54917421444758
4.55473026874458
4.57665649275564
4.59379035736294
4.59947067451841
4.60742443546477
4.607965918012
4.62727819088727
4.64365516100588
4.64954085236281
4.67483119928417
4.72031239313145
4.75049198304459
4.80106578785829
4.82936181155268
4.87004961136434
4.9169275052509
4.94586316572429
4.94753471632801
4.95824910586224
4.96309916104129
4.99199562094555
5.0303220047976
5.05154454843129
5.05760453358034
5.0654282014549
5.10753532829077
5.12312128460124
5.18137573696162
5.18851434450983
5.18962375621287
5.26766376976934
5.28234724184712
5.32654387619176
5.35271022003026
5.3814341665167
5.38489797083097
5.42036485904738
5.42311622844877
5.4939753946577
5.55124057142109
5.56671920895852
5.58384412257045
5.67869965048003
5.69997543503334
5.74702597558456
5.74943657505198
5.761335442859
5.77077970162787
5.79000498225133
5.80494113723447
5.81108077219917
5.85759293883453
5.86861083722474
5.88191857416499
5.90344878026921
5.92422837436266
5.92596623086581
5.95619220141999
5.96241033186825
6.00132149788332
6.03882669871384
6.07862106593461
6.1060038225323
6.12923270376946
6.15234987089853
6.15894860529608
6.19110726354628
6.19611462229182
6.2245490575233
6.23482936748245
6.23844594749704
6.31248239666683
6.3793023028838
6.43296810939435
6.43715777607193
6.46265129227298
6.48785164227404
6.52903738570342
6.55059240518442
6.56993493577197
6.56997666211576
6.58363597992067
6.59769781508766
6.59830784790038
6.71569134434166
6.75066467256948
6.77214774786614
6.83835096037288
6.87458905175977
6.88830987166809
6.89712665995316
6.97697223131193
6.98450853390041
7.02870238070498
7.11972099049107
7.1228433782988
7.18433874695456
7.19166021747241
7.22780313768528
7.24184000977268
7.30180853358831
7.31956589044825
7.33216432462035
7.3430889203089
7.44849429977277
7.45019445688264
7.45386450932765
7.48743021927949
7.54997720861265
7.57863019534078
7.62829593437776
7.65421170396861
7.69226829838968
7.71514131126698
7.77422824756395
7.78526509963235
7.81541973546131
7.85367535126703
7.87905263327455
7.89925635046359
7.93078222283328
7.96074661686112
7.97275378452688
7.98777217467063
8.02255847964344
8.07764051468225
8.08100634964685
8.0883670454059
8.09982572806844
8.13200315070772
8.14419356158816
8.14658371683493
8.1843172251037
8.2249135766153
8.25055806200966
8.27445479476627
8.28576801088973
8.309250593608
8.33585954182899
8.34453181983069
8.34622198518007
8.3582167697112
8.3636948748011
8.37527507270884
8.39898729073217
8.3997657581104
8.43092325591028
8.43771505055658
8.44878469177712
8.460095010417
8.46480968608242
8.47056249524104
8.52233406191389
8.52636556111623
8.63110972130925
8.63330917330565
8.67046179206926
8.69669493859809
8.73092828953023
8.77021944364629
8.80814452729044
8.82814124374189
8.86292549191995
8.92215982405338
9.00091378390065
9.01352405605133
9.02445853588272
9.04292334958619
9.06470498978956
9.07899586418038
9.08440548331455
9.09438159911967
9.09638872020833
9.11156152630273
9.11592681024228
9.16069691318024
9.16515482978348
9.19619972942923
9.20672292499173
9.22189137719447
9.22785140620469
9.2460271950812
9.26802317261266
9.29556666363557
9.30364953740136
9.32123353575214
9.32264289184396
9.35083831954003
9.35645619785573
9.41637440598737
9.42768401345709
9.45746492278501
9.46839019725795
9.49538350497666
9.50775652781589
9.56982389647022
9.57486940941849
9.5836634629301
9.59381388263623
9.61159562910384
9.6632456773504
9.66496951297086
9.70480909022481
9.74256771637213
9.77897172958555
9.79835043345459
9.80614484085186
9.80666040430531
9.85440692321317
9.8591944584656
9.87133456707521
9.96898782222542
9.97205568945259
10
