0.0451444115361089
0.04861012080519
0.0560133257482119
0.0828914213512086
0.0896165918257918
0.10340373303331
0.131853690312677
0.138115631808813
0.141203536003443
0.16139441173483
0.231577212291746
0.233362033074087
0.268487377473707
0.289611094240653
0.29961835517864
0.310123803910496
0.34309122726043
0.360140953554979
0.374679147098952
0.380216501158799
0.388233645774997
0.44026958843076
0.459401322842049
0.475155804731191
0.490677000895922
0.500814661904292
0.571005675164926
0.576711317686158
0.59887582445868
0.61307830795502
0.63428687304324
0.642992027412547
0.673698353659421
0.683225039570249
0.698230752807072
0.700231805787772
0.707003031934331
0.717992963246403
0.748197417236588
0.760222271792479
0.772572084598764
0.78206384828477
0.827234442371476
0.834820524697305
0.850415298891691
0.901130815535247
0.904992409270887
0.955256452030849
0.962018483712015
0.967215839963956
0.988811781663274
0.992248927168658
1.01336634449219
1.05002374946522
1.06171953195195
1.09577574574322
1.11799561866111
1.15045467708499
1.20190644638479
1.21204831455582
1.33577206513597
1.3398521087457
1.34631286639863
1.37036319648204
1.37144986501199
1.37233746757379
1.4010513511025
1.40389521456076
1.41555403618873
1.47270305550829
1.47274803622614
1.47663256452649
1.48043181556632
1.48649681256356
1.51620527709118
1.537646749014
1.54607688935335
1.54866727730955
1.56918423259263
1.59997585004632
1.64464883496721
1.66667128476413
1.66670149982608
1.69460227168015
1.69496463126756
1.69859421580341
1.806144440146
1.81785288685233
1.88772021674006
1.90363773645873
1.95066926849317
1.96065713771447
1.97718494556855
1.98526448100939
2.04032383774705
2.07811575876162
2.09318698474288
2.11344148518305
2.14260134709014
2.14433994273027
2.15095051295845
2.15577554762672
2.17370243045508
2.17853781287871
2.23409752715665
2.23541209581914
2.23545949033019
2.2541265527099
2.2605742801622
2.27288168817307
2.28600768355069
2.30947834449083
2.31684956654713
2.36114443048471
2.36607943083558
2.36884096651684
2.37451951066076
2.4044846235302
2.44420144735397
2.47799642701896
2.4784056709798
2.49163136508828
2.51359910832567
2.51628874361159
2.51896460213785
2.53796232211088
2.55672253817711
2.5625004458102
2.57128924260461
2.5717630532878
2.60211249533127
2.62406192085451
2.65284282915461
2.66263115523787
2.69570691535421
2.75844947121684
2.78112203175015
2.78503315188743
2.85841174248282
2.86003002066603
2.88461747857997
2.92426747047493
2.92524844223762
2.96008417880265
2.97404764893845
2.98458702624767
3.00432117982011
3.00433144892853
3.0471629851442
3.05189777166383
3.09434781296064
3.11447495777683
3.12182636977985
3.13863748649644
3.14670222761555
3.15331782359493
3.21344553764533
3.22517010321135
3.23708682980031
3.31957361901543
3.32069385009826
3.3278157515004
3.38527065624371
3.38673928404518
3.39015251356897
3.39664436552263
3.40926547145628
3.42943151224155
3.43082725916514
3.44165516980337
3.47223507013553
3.51213709576122
3.52902883140027
3.53093395647466
3.5764419199732
3.58824125581402
3.59341389244735
3.61881022851408
3.63320823325395
3.63510063997922
3.67328841317178
3.68494877134192
3.70297273436689
3.73227303077733
3.73992817319531
3.76697324319169
3.79094736085751
3.794355445181
3.89174834381791
3.91197090059329
3.91252546210815
3.95666995615486
3.99194181442586
4.02101921738332
4.07187905647194
4.09312938917396
4.13206109211264
4.13424017236477
4.16502621379541
4.18938405092035
4.20876753871604
4.24308504649981
4.25705182429796
4.28024151479787
4.32194712956109
4.35279676821521
4.35466228994363
4.36722210487125
4.3809384182378
4.40164771996657
4.41242175200987
4.41244394347318
4.44439842428166
4.45642211152352
4.49589442675079
4.49635397453329
4.60534095358994
4.62038719183598
4.66104124940476
4.69465940104855
4.6973467362391
4.72317259631314
4.72468682127175
4.73813721549248
4.75596326645005
4.77078368123683
4.77589056423746
4.81468334034
4.83332952499721
4.8634326049725
4.86573476016551
4.90615984458204
4.95039918089376
5.00543130911749
5.02102897517304
5.02908445686221
5.02974102221393
5.08879784877986
5.11649826146065
5.13336267811288
5.14873628749518
5.14997437255497
5.18971811786075
5.19070556691619
5.20781626187808
5.21031360635936
5.21215789422074
5.21938378553723
5.22049595405941
5.2669301068692
5.2913573989355
5.29299438994823
5.34375034491605
5.35660205816013
5.3618184221155
5.36557918079509
5.37053678277833
5.37460887411573
5.40084203134915
5.43567844783043
5.45609374146851
5.46211983699461
5.46284724079984
5.46891274706523
5.47519648646023
5.47791947116627
5.49492584746324
5.50451178864552
5.51657107442466
5.52509876704594
5.53520651143715
5.54383398132088
5.57008936346245
5.58289282080817
5.5838305801099
5.60010606241989
5.61088788001341
5.65734116096413
5.67591406335285
5.6994786537753
5.72008289723221
5.76241808218953
5.7810135902601
5.82265246416623
5.83498718959986
5.83641379474752
5.84425158240417
5.84776839431359
5.86410797655987
5.86888069156355
5.91402806185179
5.92006994698916
5.925762784332
5.93822996927957
5.9491252673429
5.95596396158448
6.00150086485669
6.01018520152249
6.02550529027358
6.02607565476793
6.08834706284305
6.09769821773561
6.112600727705
6.19585705830434
6.19657345182687
6.28242724374628
6.34521378509734
6.34788928405349
6.354117151772
6.39315534349646
6.41568805220929
6.46588364460803
6.50691675938204
6.51637627491443
6.5186487855644
6.528953000339
6.5529034887999
6.56647683661683
6.5872613735036
6.61642099178715
6.6361395934611
6.64564324913226
6.64957649164323
6.72289713547585
6.72881430503547
6.73397680607347
6.76275401742177
6.78149955426121
6.7853012744789
6.84582569101671
6.85056939371125
6.86397923085987
6.87623566847821
6.90989674374057
6.97241590223459
7.0244457597829
7.03385356643677
7.03660798391059
7.04912636810491
7.05779959349167
7.08856653288849
7.10005030526875
7.12091358687056
7.1474643345478
7.17057727453617
7.20277500992852
7.23653522143984
7.2574855546684
7.2973167789271
7.31494660481464
7.34181562646029
7.35213818992444
7.36939734960794
7.40581556382785
7.40922744245032
7.43071025189108
7.48216611854216
7.51889303529429
7.5324162771089
7.56157168032582
7.57094279551416
7.62353908288721
7.66557379230938
7.67927975206884
7.69177489131858
7.6931902951038
7.70496299394598
7.70776431956251
7.72273972570835
7.7238531022826
7.76157926006878
7.77659400292935
7.7908709219894
7.80959423203227
7.83606081740332
7.85970293659903
7.87804758206951
7.92182836182141
7.92505625810276
7.95271168400267
7.9631558536141
7.96995464427523
7.97448927359324
8
